2 29 46 7 28 3 41 4 51 42 2 10 49 25 20 37 22 40 27 43 44 6 1 9 32 38 24 31 15 12 23 21 35 34 19 50 45 5 13 39 33 14 8 30 47 18 0 48 36 17 26 16 11 3 17 12 19 20 26 21 50 10 49 32 22 0 48 44 40 43 51 50 27 33 29 1 9 45 5 41 37 35 25 23 7 20 42 32 16 22 30 26 18 39 19 21 46 12 36 38 24 15 34 49 3 11 14 2 31 4 28 10 8 47 6 13 17
0 8 23 26 2 18 5 48 28 29 20 32 21 34 40 9 19 7 1 24 3 50 43 36 15 49 16 45 22 47 38 35 30 25 4 33 37 46 0 12 27 17 10 42 44 6 41 31 14 39 13 11 51 0 48 28 8 9 21 49 41 29 13 33 37 19 7 23 35 45 51 25 5 12 44 47 20 27 39 43 31 1 42 14 17 6 10 26 2 11 3 50 38 36 30 18 16 32 22 46 4 24 15 34 40
1 37 34 15 8 4 49 27 46 36 11 9 14 35 51 21 48 10 5 29 26 19 43 40 1 13 23 42 45 30 6 0 17 22 18 12 32 33 2 16 41 25 24 47 3 28 7 50 20 39 38 31 44 35 28 4 43 7 6 16 0 42 48 44 32 0 48 28 40 39 51 47 3 35 43 45 19 15 46 25 23 24 12 20 44 36 4 50 16 37 49 29 17 5 21 41 33 26 22 2 6 14 10 38 31 18 9 42 30 1 13 11 27 32 34 7 8
1 8 28 51 20 49 43 15 42 34 36 14 27 44 21 19 12 35 30 6 7 25 18 22 48 2 40 24 29 17 26 16 41 1 46 32 50 23 3 9 11 45 38 10 4 13 31 33 0 47 37 5 39 47 45 25 28 46 38 51 9 6 0 50 42 0 40 32 48 51 35 47 19 39 23 43 15 30 14 6 50 44 36 16 20 8 37 28 12 33 29 49 25 1 45 5 41 21 46 9 17 3 38 27 2 4 42 26 24 10 11 34 18 13 31 22 7
1 11 35 10 31 36 41 25 48 23 18 6 7 15 40 51 45 37 19 33 32 29 0 47 4 17 2 39 20 44 22 30 21 42 13 1 8 50 28 24 12 16 46 5 9 3 26 38 14 34 43 49 27 11 50 42 43 28 18 30 10 6 7 48 14 0 28 32 48 23 35 51 31 47 27 15 19 43 45 7 11 24 12 44 40 16 13 49 20 8 36 41 39 37 50 33 21 29 46 25 9 14 2 38 30 18 10 34 26 3 42 5 4 17 22 1 6
0 9 35 49 25 3 50 29 12 23 4 19 20 17 1 33 14 36 46 0 51 2 37 13 15 38 32 47 45 30 39 31 18 24 28 11 16 7 5 48 42 26 10 41 27 44 40 43 6 8 22 34 21 0 20 44 40 24 4 48 16 47 27 7 39 31 15 23 35 5 49 25 9 43 51 3 50 45 17 37 41 21 2 1 33 34 6 30 10 29 42 8 46 13 18 38 22 19 14 26 32 11 12 36 28
1 46 37 24 22 39 18 16 8 9 30 7 21 41 50 4 5 11 40 28 20 27 47 25 3 10 34 26 15 31 6 49 19 48 43 1 35 13 17 14 38 29 45 32 42 51 33 44 23 0 36 12 2 0 46 10 30 18 6 1 44 32 38 22 2 0 28 44 48 51 47 7 35 39 43 49 23 40 4 20 13 45 25 21 29 37 24 5 9 36 16 32 41 33 12 1 31 17 18 42 38 10 6 8 22 2 50 30 19 46 26 3 27 34 14 15 11
2 7 12 16 23 11 28 2 18 46 22 40 47 51 33 9 31 49 50 19 14 15 17 1 3 4 8 30 42 48 0 39 21 29 25 20 44 37 34 32 35 5 13 43 45 41 27 36 38 10 6 26 24 51 46 10 17 13 28 43 20 26 47 45 38 0 40 44 48 43 47 39 35 25 1 21 29 5 45 9 17 27 19 23 15 33 51 13 49 11 50 46 3 7 38 16 31 18 26 22 10 4 12 36 28 32 24 20 8 2 14 41 6 42 37 34 30
2 20 25 44 10 42 24 18 4 23 34 46 19 11 17 5 38 15 49 30 14 48 13 7 35 36 51 1 28 27 32 47 3 21 50 43 33 12 16 2 26 22 37 6 41 8 31 29 39 45 40 9 0 45 48 22 51 32 50 47 43 9 4 0 38 0 48 32 36 7 51 47 31 39 43 49 45 12 24 44 28 22 50 42 38 26 9 34 6 16 2 35 8 4 46 19 20 21 37 29 41 14 27 40 30 5 33 23 25 10 15 17 18 1 3 11 13
2 3 41 15 45 23 22 12 48 49 43 11 18 13 6 2 20 30 25 19 14 37 47 17 31 50 46 35 24 38 32 42 9 1 44 36 33 16 28 10 40 34 0 5 8 39 51 26 7 29 27 21 4 50 34 30 51 43 32 12 26 2 45 48 24 0 36 40 16 51 39 47 35 43 23 27 19 7 3 48 15 34 18 26 46 45 21 9 29 28 50 20 12 24 42 8 38 41 17 33 49 1 25 5 32 6 10 14 2 4 37 44 30 22 11 31 13
2 2 31 44 17 45 34 19 24 10 21 43 20 39 18 6 11 47 46 30 42 12 25 4 23 35 9 15 51 48 7 22 38 27 40 0 33 32 50 13 26 8 37 1 36 14 16 29 3 5 28 49 41 47 12 8 50 34 18 0 30 22 51 42 38 0 40 44 36 47 23 39 51 31 43 11 35 49 33 5 37 19 3 27 7 45 25 29 41 22 46 6 26 9 1 17 48 18 14 42 12 28 8 24 32 30 38 4 34 16 13 20 10 50 2 21 15
2 43 14 4 15 48 47 34 31 32 36 5 18 1 42 24 33 44 50 12 30 16 39 8 45 9 0 7 46 21 29 26 37 10 17 41 2 13 40 35 6 11 38 28 19 3 22 25 27 51 20 49 23 43 48 16 47 40 36 24 8 4 46 30 6 0 48 40 44 43 47 3 39 36 32 20 28 45 13 29 49 16 37 24 22 11 30 7 31 33 1 17 41 34 2 10 14 5 18 21 6 8 50 12 27 26 23 51 46 42 25 19 4 38 35 15 9
1 23 11 45 21 31 20 7 5 46 15 4 17 51 25 16 50 37 36 19 12 29 1 44 22 24 18 40 32 48 41 2 39 26 33 42 30 34 38 8 6 9 3 47 27 49 0 43 10 14 13 28 35 51 31 37 0 38 18 43 40 28 17 50 30 0 40 48 36 23 51 47 43 15 19 39 50 21 49 25 45 34 31 18 22 30 20 42 10 44 32 24 41 16 28 46 37 35 9 11 7 6 26 33 2 14 1 38 12 8 27 29 13 4 5 17 3
3 21 45 12 2 22 20 28 5 14 6 44 13 19 11 24 49 41 4 17 16 29 51 31 32 50 48 18 35 36 0 40 23 46 15 10 7 47 43 34 39 25 38 1 8 33 9 30 26 37 27 42 3 36 46 22 51 43 0 28 42 34 49 13 32 0 48 44 36 27 31 39 51 47 15 49 35 43 11 17 23 19 28 40 7 50 6 18 46 14 42 30 26 20 12 16 41 4 32 8 37 10 2 33 38 45 1 5 29 9 13 22 25 21 34 24 3
0 34 4 11 20 25 39 31 38 32 43 44 10 18 14 36 42 13 0 3 35 28 37 5 49 47 16 29 41 21 23 45 50 24 1 40 22 15 8 7 26 48 9 33 19 51 17 27 30 12 6 2 46 0 44 20 48 51 43 31 19 13 17 5 49 10 18 14 2 34 6 40 30 15 39 11 35 37 33 41 25 50 47 8 36 46 12 16 45 42 32 4 29 38 28 9 7 26 24 1 3 22 21 23 27
2 17 18 4 45 24 30 6 44 51 7 10 28 23 41 39 22 12 37 46 0 38 36 26 29 42 32 40 50 20 16 49 48 8 19 14 27 34 25 3 2 15 31 43 47 11 1 21 13 9 5 35 33 51 20 42 36 32 16 43 40 46 44 22 2 0 40 44 20 31 51 47 43 49 33 17 5 4 16 24 19 46 30 42 50 48 12 25 3 13 9 41 21 7 39 27 23 35 45 15 37 14 29 38 2 8 22 26 36 32 34 18 10 28 11 1 6
2 29 12 2 51 23 20 46 6 27 38 33 22 31 15 8 14 21 35 43 19 50 3 24 28 1 0 48 5 17 25 4 40 13 34 47 10 36 41 18 16 11 42 30 9 26 44 45 7 37 49 32 39 1 36 50 49 44 38 47 48 32 51 7 40 0 36 44 48 47 51 43 39 42 2 38 26 35 50 19 31 40 24 28 32 25 45 49 37 22 29 34 30 12 8 16 27 14 11 20 46 33 9 21 41 15 18 10 23 17 7 1 5 13 3 4 6
3 44 45 24 34 10 40 9 12 19 47 17 18 51 1 38 43 36 22 39 28 8 0 2 48 14 13 33 31 46 30 23 16 50 3 26 11 25 37 4 27 21 35 20 49 5 29 7 41 32 42 6 15 51 50 10 47 13 40 33 17 9 43 49 28 0 28 48 44 51 47 35 43 15 19 3 39 23 31 46 42 16 8 9 24 38 34 14 30 49 41 25 1 6 18 40 22 17 2 50 13 45 26 27 21 37 4 10 5 33 20 12 36 29 7 11 32
0 19 43 11 26 40 21 42 16 44 15 51 25 48 50 17 27 23 29 41 33 0 36 39 47 9 6 5 20 3 30 8 32 28 31 4 49 34 22 46 7 10 45 1 2 14 37 18 38 24 13 35 12 0 36 8 32 29 41 33 9 39 27 23 31 11 47 3 43 26 34 30 18 48 50 4 20 14 6 46 38 17 25 44 45 22 42 2 10 5 49 40 37 16 28 21 1 24 13 51 12 19 15 35 7
2 38 49 29 50 51 10 21 34 24 31 42 33 28 20 5 11 39 12 47 37 9 32 18 40 15 43 25 22 36 1 2 16 45 17 23 48 4 0 8 30 41 6 35 27 3 44 46 13 14 26 7 19 51 41 4 43 44 12 47 46 2 48 40 30 0 8 44 36 43 47 31 23 39 10 35 27 14 6 18 50 37 45 49 41 48 4 16 28 30 42 34 38 29 33 9 17 22 2 26 5 1 25 13 46 21 12 24 40 7 11 3 32 19 15 20 51
