6 16 35 2 10 9 40 36 33 0 11 3 26 32 17 8 30 20 48 29 1 51 45 22 41 27 44 7 24 23 14 15 12 18 4 49 13 21 19 31 43 46 28 25 42 38 5 39 34 50 47 37 52 55 52 58 52 59 52 52 62 63 53 52 67 52 52 53 52 52 52 50 14 22 6 21 5 37 41 12 20 40 8 48 36 24 0 44 2 10 16 42 46 4 3 27 11 31 43 1 9 45 49 25 33 18 17 32 28 7 13 38 19 15 26 23 35 39 34 30 51 47 29
41 35 38 46 4 49 2 13 31 37 40 7 20 10 43 33 12 47 34 51 25 17 48 14 15 45 39 26 19 16 9 28 8 29 18 6 30 27 42 5 36 0 50 23 24 32 22 44 3 11 21 1 52 56 57 64 52 52 52 30 10 50 6 42 46 20 0 1 25 45 21 11 39 51 19 33 41 49 9 37 40 13 4 17 2 5 8 29 18 14 3 32 48 28 12 38 26 15 27 34 7 31 35 22 23 24 16 43 44 36 47
18 47 49 31 42 22 24 50 21 12 51 14 13 0 11 36 32 45 10 34 39 5 19 27 16 33 9 30 46 38 3 26 2 29 44 41 40 43 48 6 28 37 17 15 7 4 25 20 1 23 35 8 52 52 58 67 52 52 53 52 52 52 39 43 51 15 48 8 16 0 44 20 28 4 24 36 40 12 7 47 19 27 38 10 6 42 1 5 49 41 35 31 13 23 3 14 21 29 50 2 22 11 26 18 33 9 34 46 37 17 32 45 25 30
47 38 20 13 40 39 32 43 25 29 8 28 24 37 7 45 31 16 51 4 19 41 30 21 15 23 17 14 9 36 34 44 12 27 5 2 26 22 42 35 0 11 48 33 6 49 50 18 1 10 3 46 52 52 59 52 52 52 2 6 38 42 8 4 40 16 15 23 51 35 48 28 0 36 20 44 12 22 21 1 37 5 10 50 14 26 32 13 24 29 7 43 47 11 9 49 17 33 39 3 18 19 41 30 45 25 46 31 27 34
7 45 49 42 24 48 8 2 32 46 9 38 17 26 41 30 1 4 29 18 6 47 21 34 20 43 50 37 0 51 3 23 11 36 16 39 22 27 40 10 13 33 28 35 5 25 15 19 14 44 31 12 52 60 61 52 52 64 52 66 52 67 52 72 52 52 52 49 37 17 25 21 30 1 33 2 6 26 50 41 34 5 45 10 14 46 9 44 16 12 20 4 8 38 0 42 22 36 3 19 7 47 15 48 28 23 24 27 31 35 11 18 32 51 40 39 13 43 29
22 20 17 49 45 28 51 3 46 11 44 33 2 12 41 34 27 15 42 8 4 18 7 5 43 31 19 39 16 9 26 23 37 24 29 14 38 30 25 0 13 6 40 32 48 47 50 10 36 1 35 21 59 52 60 52 62 52 84 52 52 52 9 17 49 13 5 37 1 25 4 20 40 0 44 8 16 12 29 21 45 18 36 24 7 32 48 28 19 3 2 6 42 10 41 33 27 11 50 14 22 30 26 34 46 15 38 31 35 23 43 47 51 39
2 37 40 41 9 36 13 39 17 18 28 5 7 27 30 34 20 26 25 12 22 46 49 50 6 11 35 32 10 19 38 0 42 1 44 47 14 31 21 16 43 45 51 24 15 4 3 23 48 29 8 33 62 52 52 52 36 8 0 48 20 4 40 12 38 50 10 18 39 43 19 3 2 46 30 34 27 35 47 7 5 9 29 49 44 16 17 26 45 13 33 22 15 11 51 23 28 32 14 1 6 37 21 24 42 31 25 41
5 37 32 17 50 9 8 7 43 28 19 26 29 30 40 44 2 46 23 36 15 47 33 38 35 45 21 1 24 18 10 13 25 16 4 31 11 14 39 20 51 48 0 27 41 22 6 49 34 42 12 3 58 62 52 52 52 39 3 51 47 24 16 12 36 26 2 46 10 14 6 38 50 25 9 21 49 7 15 22 23 42 19 20 34 28 0 44 5 1 29 37 33 48 4 13 41 45 8 17 11 18 32 27 35 30 40 31 43
48 12 37 8 15 3 5 10 50 29 35 21 20 38 25 11 41 17 9 32 45 16 44 42 1 14 51 4 26 18 39 7 28 22 19 49 13 30 33 6 0 23 24 2 40 36 27 31 34 43 47 46 55 52 63 52 66 52 68 52 74 52 76 52 84 52 52 52 14 5 42 50 15 3 35 7 51 11 26 43 44 4 0 12 47 31 1 23 39 21 41 29 19 8 13 18 27 10 45 22 24 32 48 16 40 36 9 2 20 17 25 6 28 30 33 49 34 38 37 46
51 19 16 11 23 49 47 9 31 15 50 32 8 30 43 5 22 3 10 14 36 35 7 24 34 21 44 20 13 46 18 37 2 48 26 29 42 40 17 4 39 28 25 27 12 1 38 45 41 33 6 0 52 56 57 61 67 52 72 52 52 52 45 13 21 17 27 39 19 7 2 30 50 14 43 11 23 3 47 0 31 15 38 9 22 46 48 16 4 8 49 25 5 41 28 44 20 12 6 24 34 35 36 40 18 32 10 29 42 1 51 33 26 37
6 44 47 43 29 23 0 18 22 10 32 5 1 26 24 37 46 35 4 51 9 17 20 31 15 14 2 11 12 45 34 39 30 36 40 50 27 49 41 25 38 21 3 28 48 7 13 42 8 33 16 19 52 52 52 58 52 66 52 73 52 52 52 48 36 0 28 6 10 34 42 50 22 14 2 51 27 7 3 5 1 45 13 44 4 18 8 26 16 11 46 19 15 23 47 41 25 9 49 17 20 37 29 31 12 35 24 33 40 43 38 39 30 21 32
11 12 33 36 16 44 27 38 21 14 18 29 10 39 8 32 6 23 47 15 26 13 49 51 20 37 43 22 2 35 48 24 25 30 3 1 19 40 42 0 46 17 4 5 9 41 31 50 28 34 45 7 52 52 58 52 52 52 36 16 12 4 0 28 40 48 8 24 20 44 41 49 1 9 42 38 2 14 18 50 6 30 5 21 37 45 47 7 11 23 31 15 19 35 34 33 22 46 25 13 27 29 3 51 10 39 32 26 17 43
1 47 50 40 4 6 43 33 27 26 49 13 18 23 35 21 15 7 14 36 0 9 39 12 45 2 38 25 16 17 44 46 3 8 34 31 29 10 24 11 22 28 32 42 20 19 37 48 30 41 5 51 52 52 59 53 52 52 52 13 29 41 49 39 11 3 47 10 38 42 18 46 22 2 50 14 21 30 6 1 17 37 25 5 33 45 9 15 7 43 51 31 27 19 35 34 36 0 26 32 40 4 8 48 16 28 24 12 20 23 44
25 34 3 33 19 29 10 20 27 6 0 38 35 31 15 18 16 44 48 36 39 45 50 40 9 47 8 43 11 12 49 14 22 21 41 23 1 4 13 51 30 37 46 32 28 26 2 5 17 42 7 24 52 56 59 53 63 52 52 52 26 46 14 22 0 32 16 4 33 1 21 41 48 24 28 12 3 23 39 47 45 49 5 9 8 20 11 44 25 29 13 18 31 7 43 19 51 27 6 15 38 30 34 50 2 36 17 42 37 10 40 35
14 49 29 31 37 51 35 9 42 11 7 25 30 33 23 2 44 20 1 19 38 46 43 17 27 0 47 39 45 32 16 5 6 10 28 8 41 34 22 21 36 40 15 26 50 18 4 48 13 24 3 12 57 52 58 52 67 52 68 52 72 53 73 52 52 52 5 37 49 1 33 29 9 41 27 51 7 19 32 4 48 36 12 44 20 16 45 11 23 17 43 31 13 0 47 39 6 18 15 8 14 24 3 21 30 10 35 2 38 40 28 25 42 34 22 26 50 46
8 15 48 44 46 3 34 35 2 16 33 10 5 21 28 6 36 17 49 29 38 22 25 19 12 31 41 4 9 32 20 50 30 39 51 42 37 0 40 27 13 24 18 1 43 7 14 26 45 11 23 47 52 52 59 62 66 52 67 52 69 52 52 52 10 46 22 14 8 16 40 44 50 2 21 18 47 43 15 51 49 29 45 17 20 4 36 0 5 3 41 1 25 6 9 7 33 26 37 11 13 31 34 19 12 24 48 42 28 27 30 32 39 23 35 38
32 26 23 15 4 10 2 46 35 50 19 14 48 22 45 7 6 37 39 43 5 16 30 13 41 20 29 17 49 0 34 47 28 33 8 24 40 38 18 1 51 3 42 25 44 21 31 36 9 11 27 12 60 52 61 52 65 52 68 52 70 52 72 52 73 52 52 52 17 41 21 29 48 0 8 12 44 16 2 24 6 10 42 46 15 51 11 19 5 33 45 1 18 14 35 38 49 37 34 13 40 20 30 36 32 22 31 43 25 9 26 27 23 7 4 3 39 47 28 50
51 21 47 45 1 23 42 50 48 35 0 19 34 22 32 13 36 28 24 25 5 2 7 4 30 39 10 44 12 3 26 6 38 11 16 46 43 29 40 31 17 8 15 33 41 14 20 49 37 18 27 9 59 52 60 61 52 52 65 52 69 52 52 52 29 7 45 1 49 5 21 0 33 41 28 15 30 22 10 46 31 43 3 47 32 4 12 8 16 44 48 11 36 2 20 9 34 14 42 50 6 38 18 26 17 23 24 25 19 51 35 27 37 39 40 13
44 22 40 33 13 32 42 30 19 12 6 37 48 4 11 29 26 51 15 25 41 2 31 1 0 18 20 14 9 8 3 34 43 23 21 24 17 49 46 27 50 10 16 7 35 39 36 45 38 28 5 47 59 52 52 61 52 52 52 48 4 20 24 44 8 16 1 33 17 49 21 32 40 29 0 7 19 39 15 51 3 27 35 23 11 47 43 34 38 2 42 31 14 26 12 36 37 41 28 9 10 5 45 25 13 18 6 30 50 22 46
22 10 33 40 47 16 20 50 7 5 1 36 34 8 31 45 2 38 37 35 44 12 21 27 30 14 29 4 39 32 23 28 51 46 25 48 41 0 49 13 42 18 3 15 11 24 43 26 6 9 17 19 52 52 52 52
