5.000000000000000000e-01 4.367475699999999739e-01 6.905596499999999693e-01 4.947496200000000011e-01 3.813060999999999812e-01 5.866810850000000466e-01 5.643643200000000304e-01 4.877253400000000072e-01 2.544107650000000387e-01 4.266350099999999812e-01
5.632524300000000261e-01 5.000000000000000000e-01 6.165377300000000060e-01 5.190367849999999450e-01 5.132084150000000289e-01 5.294269299999999623e-01 6.031941549999999541e-01 4.251502099999999729e-01 5.585935800000000340e-01 3.684599600000000308e-01
3.094403500000000307e-01 3.834622699999999940e-01 5.000000000000000000e-01 3.762548900000000085e-01 3.782787850000000063e-01 3.144149499999999708e-01 3.940367049999999871e-01 2.261176149999999940e-01 4.171005400000000196e-01 1.819202500000000056e-01
5.052503799999999989e-01 4.809632149999999995e-01 6.237451099999999915e-01 5.000000000000000000e-01 4.960451399999999955e-01 5.131155450000000062e-01 5.810390599999999406e-01 3.882810250000000019e-01 5.516879150000000287e-01 3.419032850000000012e-01
6.186939000000000188e-01 4.867915850000000266e-01 6.217212149999999937e-01 5.039548600000000045e-01 5.000000000000000000e-01 6.013259499999999980e-01 6.620943150000000443e-01 5.096754449999999492e-01 5.412645149999999461e-01 4.434359999999999968e-01
4.133189150000000089e-01 4.705730699999999822e-01 6.855850500000000292e-01 4.868844549999999938e-01 3.986740500000000020e-01 5.000000000000000000e-01 5.282975949999999532e-01 3.148352050000000069e-01 2.363577649999999974e-01 3.951892550000000170e-01
4.356356799999999696e-01 3.968058449999999904e-01 6.059632950000000129e-01 4.189609400000000039e-01 3.379056850000000112e-01 4.717024049999999913e-01 5.000000000000000000e-01 3.236530899999999766e-01 1.910987299999999944e-01 3.638533499999999643e-01
5.122746599999999928e-01 5.748497900000000271e-01 7.738823850000000615e-01 6.117189750000000537e-01 4.903245549999999953e-01 6.851647949999999376e-01 6.763469100000000234e-01 5.000000000000000000e-01 3.202538999999999803e-01 4.136784749999999899e-01
7.455892349999999613e-01 4.414064200000000215e-01 5.828994600000000359e-01 4.483120849999999713e-01 4.587354849999999984e-01 7.636422350000000581e-01 8.089012700000000056e-01 6.797461000000000197e-01 5.000000000000000000e-01 7.074556100000000125e-01
5.733649899999999633e-01 6.315400399999999692e-01 8.180797499999999944e-01 6.580967149999999988e-01 5.565640000000000587e-01 6.048107449999999830e-01 6.361466500000000357e-01 5.863215250000000101e-01 2.925443899999999875e-01 5.000000000000000000e-01
